tan(0.1) = 0.10033467208545054... (exact)
tan(0.1) = 0.10033467208545055

tan(1.0) = 1.557407724654902... (exact)
tan(1.0) = 1.557407722401769

tan(1.55) = 48.07848247921896... (exact)
tan(1.55) = 48.07807712807702

